#map
31111111111111111111111111111111111111111111111111111111111111111111111111111110
31111111111111111111111111111111111111111111111111111111111111111111111111111110
31111111111111111111111111111111111111111111111111111111111111111111111111111110
31111111111111111111111111111111111111111111111111111111111111111111111111111110
31111111111111111111111111111111111111111111111111111111111111111111111111111110
31111111111111111111111111111111111111111111111111111111111111111111111111111110
31111111111111111111111111111111111111111111111111111111111111111111111111111110
31111111111111111111111111111111111111111111111111111111111111111111111111111110
31111111111111111111111111111111111111111111111111111111111111111111111111111110
31111111111111111111111111111111111111111111111111111111111111111111111111111110
31111111111111111111111111111111111111111111111111111111111111111111111111111110
31111111111111111111111111111111111111111111111111111111111111111111111111111110
31111111111111111111111111111111111111111111111111111111111111111111111111111110
31111111111111111111111111111111111111111111111111111111111111111111111111111110
31111111111111111111111111111111111111111111111111111111111111111111111111111110
31111111111111111111111111111111111111111111111111111111111111111111111111111110
31111111111111111111111111111111111111111111111111111111111111111111111111111110
31111111111111111111111111111111111111111111111111111111111111111111111111111110
31111111111111111111111111111111111111111111111111111111111111111111111111111110
31111111111111111111111111111111111111111111111111111111111111111111111111111110
31111111111111111111111111111111111111111111111111111111111111111111111111111110
31111111111111111111111111111111111111111111111111111111111111111111111111111110
31111111111111111111111111111111111111111111111111111111111111111111111111111110
31111111111111111111111111111111111111111111111111111111111111111111111111111110
31111111111111111111111111111111111111111111111111111111111111111111111111111110
31111111111111111111111111111111111111111111111111111111111111111111111111111110
31111111111111111111111111111111111111111111111111111111111111111111111111111110
31111111111111111111111111111111111111111111111111111111111111111111111111111110
31111111111111111111111111111111111111111111111111111111111111111111111111111110
31111111111111111111111111111111111111111111111111111111111111111111111111111110
31111111111111111111111111111111111111111111111111111111111111111111111111111110
31111111111111111111111111111111111111111111111111111111111111111111111111111110
31111111111111111111111111111111111111111111111111111111111111111111111111111110
31111111111111111111111111111111111111111111111111111111111111111111111111111110
31111111111111111111111111111111111111111111111111111111111111111111111111111110
31111111111111111111111111111111111111111111111111111111111111111111111111111110
31111111111111111111111111111111111111111111111111111111111111111111111111111110
31111111111111111111111111111111111111111111111111111111111111111111111111111110
31111111111111111111111111111111111111111111111111111111111111111111111111111110
31111111111111111111111111111111111111111111111111111111111111111111111111111110
31111111111111111111111111111111111111111111111111111111111111111111111111111110
31111111111111111111111111111111111111111111111111111111111111111111111111111110
31111111111111111111111111111111111111111111111111111111111111111111111111111110
31111111111111111111111111111111111111111111111111111111111111111111111111111110
31111111111111111111111111111111111111111111111111111111111111111111111111111110
31111111111111111111111111111111111111111111111111111111111111111111111111111110
31111111111111111111111111111111111111111111111111111111111111111111111111111110
31111111111111111111111111111111111111111111111111111111111111111111111111111110
31111111111111111111111111111111111111111111111111111111111111111111111111111110
31111111111111111111111111111111111111111111111111111111111111111111111111111110
31111111111111111111111111111111111111111111111111111111111111111111111111111110
31111111111111111111111111111111111111111111111111111111111111111111111111111110
31111111111111111111111111111111111111111111111111111111111111111111111111111110
31111111111111111111111111111111111111111111111111111111111111111111111111111110
31111111111111111111111111111111111111111111111111111111111111111111111111111110
31111111111111111111111111111111111111111111111111111111111111111111111111111110
31111111111111111111111111111111111111111111111111111111111111111111111111111110
31111111111111111111111111111111111111111111111111111111111111111111111111111110
31111111111111111111111111111111111111111111111111111111111111111111111111111110
31111111111111111111111111111111111111111111111111111111111111111111111111111110
31111111111111111111111111111111111111111111111111111111111111111111111111111110
31111111111111111111111111111111111111111111111111111111111111111111111111111110
31111111111111111111111111111111111111111111111111111111111111111111111111111110
31111111111111111111111111111111111111111111111111111111111111111111111111111110
31111111111111111111111111111111111111111111111111111111111111111111111111111110
31111111111111111111111111111111111111111111111111111111111111111111111111111110
31111111111111111111111111111111111111111111111111111111111111111111111111111110
31111111111111111111111111111111111111111111111111111111111111111111111111111110
31111111111111111111111111111111111111111111111111111111111111111111111111111110
31111111111111111111111111111111111111111111111111111111111111111111111111111110
31111111111111111111111111111111111111111111111111111111111111111111111111111110
31111111111111111111111111111111111111111111111111111111111111111111111111111110
31111111111111111111111111111111111111111111111111111111111111111111111111111110
31111111111111111111111111111111111111111111111111111111111111111111111111111110
31111111111111111111111111111111111111111111111111111111111111111111111111111110
31111111111111111111111111111111111111111111111111111111111111111111111111111110
31111111111111111111111111111111111111111111111111111111111111111111111111111110
31111111111111111111111111111111111111111111111111111111111111111111111111111110
31111111111111111111111111111111111111111111111111111111111111111111111111111110
11111111111111111111111111111111111111111111111111111111111111111111111111111110
#end map
#light
00000000000000000000000000000000000000000000000000000000000000000000000000000000
00000000000000000000000000000000000000000000000000000000000000000000000000000000
00000000000000000000000000000000000000000000000000000000000000000000000000000000
00000000000000000000000000000000000000000000000000000000000000000000000000000000
00000000000000000000000000000000000000000000000000000000000000000000000000000000
00000000000000000000000000000000000000000000000000000000000000000000000000000000
00000000000000000000000000000000000000000000000000000000000000000000000000000000
00000000000000000000000000000000000000000000000000000000000000000000000000000000
00000000000000000000000000000000000000000000000000000000000000000000000000000000
00000000000000000000000000000000000000000000000000000000000000000000000000000000
00000000000000000000000000000000000000000000000000000000000000000000000000000000
00000000000000000000000000000000000000000000000000000000000000000000000000000000
00000000000000000000000000000000000000000000000000000000000000000000000000000000
00000000000000000000000000000000000000000000000000000000000000000000000000000000
00000000000000000000000000000000000000000000000000000000000000000000000000000000
00000000000000000000000000000000000000000000000000000000000000000000000000000000
00000000000000000000000000000000000000000000000000000000000000000000000000000000
00000000000000000000000000000000000000000000000000000000000000000000000000000000
00000000000000000000000000000000000000000000000000000000000000000000000000000000
00000000000000000000000000000000000000000000000000000000000000000000000000000000
00000000000000000000000000000000000000000000000000000000000000000000000000000000
00000000000000000000000000000000000000000000000000000000000000000000000000000000
00000000000000000000000000000000000000000000000000000000000000000000000000000000
00000000000000000000000000000000000000000000000000000000000000000000000000000000
00000000000000000000000000000000000000000000000000000000000000000000000000000000
00000000000000000000000000000000000000000000000000000000000000000000000000000000
00000000000000000000000000000000000000000000000000000000000000000000000000000000
00000000000000000000000000000000000000000000000000000000000000000000000000000000
00000000000000000000000000000000000000000000000000000000000000000000000000000000
00000000000000000000000000000000000000000000000000000000000000000000000000000000
00000000000000000000000000000000000000000000000000000000000000000000000000000000
00000000000000000000000000000000000000000000000000000000000000000000000000000000
00000000000000000000000000000000000000000000000000000000000000000000000000000000
00000000000000000000000000000000000000000000000000000000000000000000000000000000
00000000000000000000000000000000000000000000000000000000000000000000000000000000
00000000000000000000000000000000000000000000000000000000000000000000000000000000
00000000000000000000000000000000000000000000000000000000000000000000000000000000
00000000000000000000000000000000000000000000000000000000000000000000000000000000
00000000000000000000000000000000000000000000000000000000000000000000000000000000
00000000000000000000000000000000000000000000000000000000000000000000000000000000
00000000000000000000000000000000000000000000000000000000000000000000000000000000
00000000000000000000000000000000000000000000000000000000000000000000000000000000
00000000000000000000000000000000000000000000000000000000000000000000000000000000
00000000000000000000000000000000000000000000000000000000000000000000000000000000
00000000000000000000000000000000000000000000000000000000000000000000000000000000
00000000000000000000000000000000000000000000000000000000000000000000000000000000
00000000000000000000000000000000000000000000000000000000000000000000000000000000
00000000000000000000000000000000000000000000000000000000000000000000000000000000
00000000000000000000000000000000000000000000000000000000000000000000000000000000
00000000000000000000000000000000000000000000000000000000000000000000000000000000
00000000000000000000000000000000000000000000000000000000000000000000000000000000
00000000000000000000000000000000000000000000000000000000000000000000000000000000
00000000000000000000000000000000000000000000000000000000000000000000000000000000
00000000000000000000000000000000000000000000000000000000000000000000000000000000
00000000000000000000000000000000000000000000000000000000000000000000000000000000
00000000000000000000000000000000000000000000000000000000000000000000000000000000
00000000000000000000000000000000000000000000000000000000000000000000000000000000
00000000000000000000000000000000000000000000000000000000000000000000000000000000
00000000000000000000000000000000000000000000000000000000000000000000000000000000
00000000000000000000000000000000000000000000000000000000000000000000000000000000
00000000000000000000000000000000000000000000000000000000000000000000000000000000
00000000000000000000000000000000000000000000000000000000000000000000000000000000
00000000000000000000000000000000000000000000000000000000000000000000000000000000
00000000000000000000000000000000000000000000000000000000000000000000000000000000
00000000000000000000000000000000000000000000000000000000000000000000000000000000
00000000000000000000000000000000000000000000000000000000000000000000000000000000
00000000000000000000000000000000000000000000000000000000000000000000000000000000
00000000000000000000000000000000000000000000000000000000000000000000000000000000
00000000000000000000000000000000000000000000000000000000000000000000000000000000
00000000000000000000000000000000000000000000000000000000000000000000000000000000
00000000000000000000000000000000000000000000000000000000000000000000000000000000
00000000000000000000000000000000000000000000000000000000000000000000000000000000
00000000000000000000000000000000000000000000000000000000000000000000000000000000
00000000000000000000000000000000000000000000000000000000000000000000000000000000
00000000000000000000000000000000000000000000000000000000000000000000000000000000
00000000000000000000000000000000000000000000000000000000000000000000000000000000
00000000000000000000000000000000000000000000000000000000000000000000000000000000
00000000000000000000000000000000000000000000000000000000000000000000000000000000
00000000000000000000000000000000000000000000000000000000000000000000000000000000
00000000000000000000000000000000000000000000000000000000000000000000000000000000
#end light
#flow
#end flow
#taxi
#end taxi
#request
#end request